
0.125074
0.121636
0.121043
0.12133
0.122601
0.126772
0.121275
0.121633
0.12218
0.121719
0.121572
0.120962
0.121721
0.123339
0.122686
0.123091
0.121238
0.121433
0.120565
0.122552
0.121166
0.123205
0.120819
0.121543
0.121721
0.122059
0.121382
0.121588
0.12017
0.121797
0.12149
0.121817
0.121414
0.121625
0.120674
0.12102
0.120384
0.121401
0.122661
0.121393
0.120681
0.121451
0.1206
0.121446
0.122151
0.120615
0.121481
0.124919
0.12089
0.121627
0.120398
0.139005
0.123261
0.133211
0.123827
0.124801
0.122243
0.12407
0.121755
0.121239
0.122172
0.121563
0.121719
0.122181
0.121486
0.122281
0.121361
0.120576
0.125587
0.121599
0.120539
0.122305
0.121817
0.12348
0.121732
0.122538
0.122137
0.122424
0.123363
0.1224
0.121856
0.12246
0.123007
0.121909
0.121693
0.121435
0.122968
0.121566
0.120676
0.124742
0.121366
0.122174
0.130292
0.122191
0.121392
0.137346
0.121625
0.122706
0.120825
0.121369
