
0.055959
0.053525
0.054016
0.053989
0.05428
0.054302
0.05784
0.05417
0.054162
0.054201
0.054042
0.054984
0.053686
0.053612
0.054684
0.053941
0.053498
0.054214
0.053926
0.053842
0.053578
0.053902
0.058294
0.054043
0.054151
0.054315
0.05407
0.054372
0.0575
0.053665
0.053631
0.053986
0.05371
0.053849
0.058784
0.055254
0.054111
0.053656
0.05355
0.054285
0.054353
0.054034
0.055377
0.053919
0.05416
0.054028
0.055326
0.054417
0.054164
0.054695
0.054425
0.053856
0.053957
0.053703
0.053917
0.058394
0.054796
0.054201
0.060287
0.05753
0.05575
0.054993
0.055221
0.054438
0.054418
0.05393
0.054532
0.055203
0.054157
0.058969
0.05397
0.055327
0.0539
0.054291
0.053649
0.054048
0.054262
0.054244
0.053975
0.054534
0.054037
0.054008
0.053895
0.054354
0.053731
0.054315
0.053614
0.053535
0.054023
0.053455
0.054071
0.054201
0.053982
0.054408
0.053722
0.053956
0.05392
0.054283
0.0549
0.056697
