
5.72306
5.65953
5.67988
5.66261
5.70875
5.65456
5.63884
5.66843
5.68325
5.76365
5.70157
5.70418
5.88998
5.70263
5.6884
5.72419
5.70046
5.71687
5.71102
5.69021
5.66186
5.67414
5.69287
5.68371
5.67155
5.74453
5.69705
5.66484
5.6917
5.65488
5.65172
5.68812
5.74186
5.87791
5.70384
5.67209
5.59712
5.61956
5.65602
5.58273
5.62909
5.75174
5.7178
5.56293
5.5913
5.56218
5.59841
5.59055
5.66773
5.56854
5.61585
5.55504
5.64112
5.65762
5.83263
5.86158
5.73789
5.63917
5.61391
5.64061
5.55633
5.5813
5.52152
5.56581
5.55436
5.59938
5.53922
5.58235
5.64692
5.57456
5.5729
5.62045
5.56697
5.74467
5.7615
5.80144
5.59885
5.5542
5.61952
5.55738
5.65013
5.60948
5.57035
5.58311
5.61062
5.54021
5.55166
11.7444
5.60393
5.55498
5.82732
5.76511
5.89912
6.04322
5.95365
5.81026
5.71267
5.63927
5.67904
5.63033
