
0.340729
0.337447
0.341144
0.341944
0.338267
0.339605
0.335095
0.336567
0.338166
0.337495
0.335243
0.339424
0.338382
0.334495
0.33962
0.338774
0.337126
0.339076
0.336548
0.334635
0.341871
0.355194
0.33621
0.336584
0.334883
0.335494
0.338032
0.337466
0.336485
0.338503
0.333819
0.338359
0.33697
0.337133
0.343371
0.339058
0.33582
0.334584
0.344645
0.336556
0.338058
0.335763
0.335783
0.338667
0.340225
0.33731
0.337256
0.339832
0.33866
0.337858
0.335956
0.338703
0.338732
0.334716
0.335781
0.337663
0.342028
0.337072
0.3461
0.339819
0.336494
0.356047
0.369908
0.345174
0.358878
0.384299
0.352959
0.348513
0.349228
0.34313
0.353047
0.349879
0.350325
0.431102
0.353401
0.349892
0.347506
0.351338
0.360317
0.353523
0.347614
0.349433
0.351036
0.34795
0.34766
0.339034
0.354213
0.34157
0.342034
0.353013
0.348178
0.346465
0.347177
0.343696
0.343151
0.346119
0.3468
0.344993
0.349283
0.343647
