
0.216748
0.217813
0.216207
0.215474
0.215551
0.222891
0.215404
0.215513
0.216274
0.216822
0.218847
0.216026
0.217779
0.23241
0.221245
0.215686
0.216826
0.216417
0.216153
0.216681
0.216038
0.215432
0.214348
0.216249
0.22336
0.217226
0.214338
0.214565
0.216248
0.213874
0.216407
0.216035
0.217019
0.216036
0.215095
0.21642
0.219883
0.217965
0.214765
0.216169
0.222381
0.22382
0.218195
0.214324
0.214588
0.217935
0.218179
0.21581
0.216886
0.216208
0.216756
0.222833
0.2155
0.216339
0.216162
0.217341
0.214968
0.216233
0.216723
0.217571
0.216632
0.215714
0.216271
0.223196
0.219026
0.222632
0.214661
0.215088
0.216511
0.21501
0.214478
0.217047
0.217468
0.216485
0.21556
0.214374
0.215543
0.217224
0.218291
0.224277
0.215561
0.216448
0.216525
0.229582
0.267612
0.221303
0.214592
0.218373
0.215502
0.215117
0.216382
0.214628
0.215191
0.215943
0.217114
0.214387
0.216408
0.214315
0.215268
0.214262
