
0.519777
0.505663
0.505317
0.497628
0.526562
0.499636
0.501017
0.500462
0.516299
0.5048
0.505082
0.494539
0.503464
0.504183
0.516028
0.493835
0.503805
0.498443
0.500871
0.49573
0.506652
0.49439
0.504244
0.502366
0.506399
0.499412
0.505748
0.635775
0.523809
0.508742
0.512263
0.511139
0.508629
0.522732
0.512968
0.506285
0.51845
0.511725
0.520653
0.526331
0.506206
0.512295
0.510005
0.517115
0.499348
0.513958
0.506086
0.514786
0.498795
0.508402
0.670189
0.537228
0.521568
0.505491
0.52164
0.509013
0.505295
0.500907
0.511336
0.504946
0.531397
0.507788
0.526625
0.498284
0.507256
0.496675
0.532515
0.508325
0.513541
0.509968
0.531052
0.518853
0.502291
0.532012
0.551876
0.507948
0.497039
0.50089
0.491566
0.494043
0.49913
0.512003
0.503983
0.507254
0.527283
0.516799
0.506465
0.508183
0.505024
0.687894
0.513192
0.504577
0.507186
0.507466
0.510004
0.514719
0.50906
0.507063
0.507677
0.508598
