
0.711801
0.6903
0.687484
0.707215
0.711595
0.69301
0.691642
0.698373
0.6845
0.695563
0.718965
0.704784
0.702847
0.701004
0.717151
0.699184
0.717411
0.735734
0.816163
0.702892
0.701217
0.695247
0.704314
0.692994
0.710088
0.704906
0.859967
0.725923
0.710122
0.707411
0.694711
0.695189
0.688452
0.700336
0.687995
0.728466
0.690618
0.724215
0.688335
0.698017
0.692008
0.867567
0.69863
0.684231
0.698009
0.76455
0.715534
0.680602
0.687244
0.708331
0.684574
0.685593
0.696823
0.699695
0.680608
0.681476
0.705697
0.859982
0.683747
0.678166
0.715775
0.685274
0.702221
0.692105
0.68491
0.696094
0.670528
0.681884
0.678458
0.775228
0.846675
0.674589
0.674149
0.676609
0.674961
0.681354
0.671485
0.735545
0.684635
0.692961
0.685858
0.6822
0.76335
0.689486
0.697824
0.685701
0.674492
0.689762
0.676769
0.679595
0.677616
0.689237
0.674144
0.681004
0.683401
0.678119
0.712999
0.680702
0.678112
0.678565
