
0.899107
0.889265
0.898515
0.908915
0.895487
0.892436
0.920112
0.890255
1.01963
1.03859
0.907864
0.891601
0.890613
0.897781
0.885235
0.893653
0.892682
0.895416
0.878341
0.88457
0.897587
0.896078
0.887919
0.907387
0.886954
0.880214
0.901345
0.872741
0.879502
0.913
0.87953
0.881131
0.898461
0.895456
0.893039
0.905804
0.887053
0.906234
0.893524
0.89808
0.898679
0.897566
0.89281
0.902511
0.890947
0.878765
0.884412
0.893604
0.8844
0.926643
0.883935
0.888638
0.889931
0.879452
0.912627
0.889614
0.885118
0.889587
0.899353
0.894012
0.887468
0.899435
0.908121
0.883621
0.918845
0.901754
0.904461
0.885781
0.889421
0.891083
0.889122
0.881842
0.881972
0.892267
0.914992
0.895328
0.906805
0.886459
0.875341
0.879883
0.900574
0.953743
0.897332
0.897448
0.889761
0.893619
0.902838
1.09692
0.887213
0.880404
0.874196
0.883867
0.905449
0.907862
0.910867
0.96643
0.902649
0.894752
0.915769
0.894651
