
1.14861
1.12667
1.12978
1.15238
1.23078
1.13569
1.12053
1.14031
1.14908
1.1618
1.12254
1.12165
1.12118
1.18569
1.19865
1.12753
1.20171
1.13741
1.18256
1.14814
1.1443
1.13963
1.12733
1.12132
1.14221
1.11294
1.16151
1.19052
1.13458
1.13587
1.13904
1.12275
1.12166
1.13712
1.18246
1.1563
1.14948
1.18898
1.13172
1.13794
1.13229
1.19057
1.13218
1.1324
1.12146
1.23293
1.13197
1.13061
1.12156
1.13052
1.14794
1.11121
1.11568
1.12171
1.11311
1.14115
1.13863
1.13373
1.13685
1.21655
1.13469
1.14345
1.12641
1.138
1.13756
1.12306
1.12296
1.12112
1.13726
1.14849
1.17242
1.12953
1.13035
1.12354
1.13445
1.11175
1.17635
1.1441
1.13599
1.14383
1.13958
1.13398
1.13242
1.13337
1.13142
1.15052
1.11028
1.11665
1.13055
1.13573
1.11497
1.12027
1.11861
1.29542
1.25297
1.12595
1.11217
1.18582
1.1312
1.134
