
1.72427
1.71316
1.69347
1.70742
1.68378
1.77357
1.73341
1.68899
1.69925
1.71192
1.67264
1.70106
1.6661
1.72788
1.75283
1.74089
1.75858
1.7204
1.87315
1.73573
1.70453
1.73245
1.75525
1.71845
1.7181
1.77301
1.70829
1.70154
1.71339
1.69474
1.6989
1.73296
1.72893
1.72196
1.73581
1.71458
1.70918
1.71101
1.69788
1.7189
1.70571
1.71717
1.70345
1.72715
1.71961
1.72789
1.70027
1.72399
1.69303
1.70393
1.78709
1.87468
1.75172
1.68306
1.70548
1.72294
1.71772
1.70091
1.72833
1.7192
1.75149
1.74285
1.72775
1.69964
1.71209
1.69416
1.71083
1.75478
1.73752
1.69949
1.71746
1.72015
1.72781
1.6971
1.70999
1.70062
1.72456
1.69936
1.69131
1.71548
1.71398
1.70411
1.71186
1.73917
1.69433
1.71315
1.72163
1.69809
1.70808
1.70759
1.70617
1.70087
1.68371
1.76252
1.72425
1.71688
1.7547
1.94297
1.72615
1.75374
