
1.41498
1.407
1.61921
1.41855
1.38562
1.41734
1.41855
1.44948
1.54473
1.54299
1.44917
1.45958
1.42465
1.41885
1.44646
1.42666
1.41187
1.39189
1.38679
1.38835
1.39584
1.39501
1.38106
1.40927
1.41883
1.46017
1.41095
1.38287
1.39564
1.43993
1.4536
1.4298
1.3979
1.39502
1.4007
1.3862
1.36242
1.36604
1.36679
1.34666
1.35559
1.36065
1.36403
1.369
1.35753
1.35253
1.38879
1.37556
1.36546
1.37835
1.37526
1.40381
1.35047
1.34551
1.40053
1.42778
1.39542
1.42413
1.41864
1.40379
1.39293
1.37929
1.39763
1.61462
1.4029
1.4227
1.42203
1.53657
1.50571
1.47662
1.40022
1.60352
1.50028
1.41177
1.55103
1.47734
1.50638
1.7764
1.81028
1.53385
1.78208
1.4205
1.40295
1.41367
1.39146
1.39289
1.39706
1.6105
1.48415
1.41988
1.42079
1.41505
1.43011
1.41543
1.4199
1.47369
1.4041
1.41287
1.47229
1.43497
