
2.10613
2.07265
2.11308
2.06007
2.08621
2.05265
2.08311
2.16937
2.15937
2.05668
2.09734
2.04194
2.09374
2.03593
2.02866
2.0394
2.27716
2.00546
2.05369
2.01554
2.02146
2.055
2.04828
2.03702
2.04699
2.03784
2.04812
2.03389
2.05349
2.06454
2.10446
2.08221
2.05519
2.05134
2.05005
2.04784
2.04198
2.02974
2.027
2.04424
2.15723
2.06291
2.04992
2.04511
2.00772
2.04906
2.03508
2.02732
2.0676
2.03494
2.05005
2.04069
2.04804
2.05849
2.05708
2.04509
2.03142
2.05254
2.0455
2.05758
2.03679
2.03797
2.03478
2.06473
2.05122
2.03613
2.07278
2.02096
2.03196
2.07091
2.06321
2.02515
2.04525
2.03629
2.22925
2.05776
2.04516
2.02679
2.0399
2.03068
2.13282
2.0496
2.04401
2.04223
2.06116
2.02773
2.03743
2.05069
2.11368
2.08151
2.01721
2.05046
2.04532
2.04757
2.02377
2.01406
2.03691
2.02823
2.05716
2.04546
