
2.4166
2.40151
2.38387
2.41071
2.3805
2.38132
2.39585
2.37345
2.38169
2.37785
2.39759
2.43159
2.3928
2.40629
2.40721
2.41377
2.40323
2.40913
2.38391
2.36909
2.39847
2.39655
2.38683
2.39115
2.40052
2.3836
2.38436
2.40949
2.61178
2.38445
2.40215
2.38828
2.41704
2.37999
2.39609
2.37123
2.4045
2.41695
2.40514
2.39791
2.51127
2.4247
2.41853
2.38147
2.38138
2.42124
2.4115
2.40427
2.38818
2.41551
2.39953
2.41778
2.3996
2.41116
2.39701
2.40198
2.41279
2.38746
2.37606
2.41572
2.44216
2.41966
2.37091
2.40832
2.39467
2.38581
2.41947
2.39564
2.37495
2.38431
2.39963
2.38894
2.39988
2.7024
2.38555
2.36547
2.39841
2.61277
2.37256
2.39089
2.38322
2.36959
2.39052
2.37379
2.4027
2.3826
2.39464
2.38558
2.42017
2.4929
2.4225
2.38998
2.382
2.37707
2.42169
2.37658
2.38624
2.40485
2.4059
2.40461
