
3.22421
3.16429
3.19214
3.21304
3.18379
3.20369
3.39838
3.44227
3.21641
3.22481
3.22617
3.21046
3.19747
3.18448
3.20527
3.33372
3.23665
3.20755
3.19671
3.21322
3.17458
3.19298
3.18901
3.17905
3.1882
3.19141
3.19663
3.20423
3.18244
3.16747
3.1963
3.21432
3.16682
3.18987
3.19227
3.20077
3.18636
3.20534
3.19591
3.19556
3.2079
3.20805
3.22334
3.2076
3.41272
3.18491
3.18621
3.19401
3.19461
3.18762
3.19711
3.20403
3.20356
3.25023
3.18755
3.15577
3.23474
3.17583
3.29816
3.21181
3.18918
3.2177
3.18645
3.17582
3.19781
3.18951
3.18583
3.18782
3.18188
3.19543
3.20235
3.18698
3.20302
3.17923
3.1972
3.20724
3.17398
3.20133
3.56284
3.18251
3.19447
3.42408
3.21573
3.19971
3.20247
3.23438
3.19418
3.32702
3.18348
3.19595
3.25444
3.1638
3.18136
3.20244
3.17166
3.18391
3.21831
3.1728
3.24145
3.18784
