
2.79176
2.79573
2.76787
2.76732
2.78084
2.7783
2.75987
2.90332
2.7822
2.79642
2.782
2.76378
2.75262
2.80851
2.77063
2.77859
2.776
2.7787
2.7797
2.80611
2.77541
2.78556
2.79934
2.96886
2.77199
2.78065
2.78919
2.7682
2.75721
2.80292
2.79981
2.76491
2.77253
2.74939
2.77303
2.79549
2.79799
2.78138
2.82199
2.84523
2.79787
2.77987
2.81801
2.77799
2.77411
2.77995
2.78052
2.78209
2.77053
2.8151
2.73702
2.74241
2.75786
2.72607
2.73759
2.72801
2.71629
2.72824
2.706
2.72719
2.71908
2.73143
2.70852
2.79167
2.71548
2.74189
2.98429
2.73025
2.73666
2.74701
2.72716
2.72618
2.75695
2.80541
2.80675
2.82351
3.02766
2.79791
2.93229
2.85701
2.83487
2.80062
2.84203
2.73726
2.9508
3.06195
3.31139
3.3996
2.77161
2.86411
3.13739
3.91091
2.81108
2.81813
3.31605
2.78962
2.77021
2.79115
2.76382
2.78245
