
3.66186
3.62129
3.64921
3.59474
3.60156
3.6303
3.56251
3.57386
3.58356
3.63019
3.57389
3.59193
3.61015
3.68497
3.5941
3.55942
3.78099
3.55992
3.56339
3.60406
3.58201
3.58776
3.56807
3.58195
3.715
3.6132
3.55968
3.57756
3.57707
3.56246
3.65632
3.56658
3.60162
3.57123
3.60297
3.64324
3.65152
3.65076
3.63939
3.63243
3.64055
3.61242
3.62417
3.62945
4.06972
3.64667
3.69015
3.64024
3.67585
3.86
3.63611
3.63739
3.70065
3.87822
3.6893
3.67365
3.66502
3.76647
3.61868
3.60206
3.64347
3.63828
3.81033
3.62584
3.64781
3.6535
3.63718
3.61535
3.61155
3.6347
3.6927
3.63302
3.66045
3.65984
3.61748
3.63646
3.62027
3.60594
3.63885
3.62954
3.64464
3.82346
3.60004
3.6486
3.64675
3.63359
3.73057
3.64672
3.6816
3.73711
3.65168
3.65427
3.6233
3.61607
3.6326
3.63227
3.64622
3.63631
3.64613
3.61625
