
4.14203
4.08124
4.11597
4.10505
4.09198
4.1527
4.11989
4.1441
4.10203
4.13657
4.12912
4.09624
4.35262
4.11482
4.09927
4.14928
4.12469
4.15461
4.1142
4.26667
4.10662
4.07898
4.13319
4.08238
4.12116
4.19969
4.09021
4.12117
4.08688
4.13079
4.10395
4.11174
4.0968
4.02484
4.05225
4.00095
4.03106
4.02149
4.0472
4.22229
5.58926
4.26753
4.16664
4.04268
4.02923
4.06111
4.01612
4.02718
4.09116
4.05065
4.03506
4.01118
4.02511
4.02624
3.97068
4.11387
4.02797
4.11028
4.0538
4.01896
4.04685
4.03102
4.08667
4.1277
4.11333
4.28221
4.1577
4.11749
4.14104
4.20478
4.32503
4.09969
4.07281
4.09075
4.11385
4.1213
4.07985
4.15769
4.16885
4.10494
4.0727
4.13276
4.08633
4.11083
4.123
4.12576
4.17769
4.12814
4.20596
4.10058
4.12678
4.09929
4.11493
4.13842
4.09709
4.11374
4.1101
4.25968
4.0909
4.33568
