
5.1771
5.35949
5.75117
5.77167
5.92099
7.48764
5.94829
5.80853
5.32842
5.404
5.52568
5.28847
5.28877
5.29895
5.32474
5.3249
6.47931
5.74827
5.94579
5.71483
6.10604
5.95081
5.98961
7.347
5.84221
5.36762
5.40351
5.48297
5.30883
5.51213
5.45432
5.60231
5.44879
5.31772
5.35251
5.43471
5.48485
5.27179
5.39083
6.40432
5.36839
5.35301
5.18388
5.17599
5.32171
5.11481
5.10024
5.14584
5.11266
5.21534
5.18761
5.1759
5.13661
5.12456
5.13285
5.14654
5.15716
5.12833
5.11718
5.1677
5.39028
5.19534
5.1885
5.41297
5.14714
5.14026
5.17157
5.34803
5.12827
5.1212
5.13965
5.13688
5.20188
5.20372
5.11335
5.09707
5.14102
5.12158
5.11999
5.34984
5.18755
5.16283
5.13806
5.10202
5.10346
5.14091
5.09919
5.15241
5.32322
5.17643
5.30616
5.14755
5.11678
5.15517
5.13249
5.13105
5.1661
5.11235
5.13454
5.14765
