
4.6118
4.58293
4.61371
4.67882
4.64633
4.69278
4.61477
4.61748
4.67308
4.59871
4.77877
4.60159
4.67236
4.61254
4.6348
4.66307
4.62707
4.61874
4.62866
4.69418
4.66339
4.60395
4.6298
4.63874
4.62498
4.82467
4.6432
4.61026
4.61968
4.6325
4.58665
4.74848
4.63836
4.8321
4.59898
4.6501
4.60147
4.59947
4.61078
4.58953
4.64397
4.5845
4.64742
4.66033
4.63426
4.60811
4.58906
4.61231
4.61017
4.63318
4.60981
4.79493
4.61261
4.62035
4.63946
4.62627
4.6353
4.7098
4.81143
4.66232
4.67069
4.60181
4.61496
4.64326
4.62156
4.57221
4.6525
4.63032
4.58748
4.57529
4.63352
4.60676
4.61884
4.59947
4.97317
4.61527
4.80763
4.60411
4.60481
4.60516
4.65896
4.64921
4.69296
4.62238
4.57651
4.62315
4.67299
4.62126
4.60529
4.62245
4.64274
4.60199
4.58819
4.59176
4.85592
4.6995
4.66374
4.65369
4.69991
4.57234
