
1.16555
1.19279
1.1523
1.15719
1.16314
1.16958
1.14789
1.14635
1.14942
1.15379
1.15289
1.14338
1.14419
1.20765
1.1635
1.15973
1.14403
1.14676
1.1438
1.14795
1.13623
1.13876
1.12229
1.15466
1.13564
1.12028
1.12385
1.11718
1.12419
1.12459
1.1254
1.30794
1.12119
1.12019
1.12176
1.12715
1.14281
1.12119
1.14054
1.1374
1.13532
1.12748
1.14561
1.12858
1.14295
1.16994
1.11751
1.11678
1.12128
1.11546
1.11778
1.13053
1.13659
1.12401
1.14403
1.14592
1.12813
1.127
1.18198
1.15964
1.15351
1.13759
1.13691
1.13337
1.11992
1.14971
1.11051
1.14565
1.13397
1.12838
1.12093
1.13924
1.13153
1.12783
1.13473
1.11776
1.12679
1.11941
1.12713
1.13751
1.1407
1.11908
1.13593
1.15386
1.14168
1.12738
1.16539
1.13123
1.12573
1.17189
1.12591
1.12021
1.12331
1.32949
1.12742
1.13005
1.14117
1.14328
1.12515
1.1325
