
0.054583
0.054416
0.054036
0.054203
0.054325
0.054118
0.054203
0.053931
0.05432
0.058566
0.053953
0.054388
0.054149
0.054213
0.055949
0.053925
0.053606
0.053596
0.053713
0.054295
0.05472
0.054512
0.053865
0.053989
0.053999
0.054032
0.05422
0.06176
0.066381
0.055339
0.064723
0.054337
0.054459
0.054439
0.054587
0.053661
0.05405
0.054787
0.054103
0.053982
0.053898
0.054006
0.057374
0.054834
0.054262
0.053746
0.054512
0.054493
0.054227
0.055915
0.059469
0.053948
0.071817
0.054124
0.054501
0.05416
0.053906
0.063523
0.055312
0.05416
0.054052
0.055291
0.053899
0.053995
0.054391
0.054238
0.053775
0.054487
0.054374
0.054168
0.053829
0.0543
0.053926
0.054033
0.05427
0.053728
0.053999
0.053663
0.058408
0.058276
0.054314
0.054399
0.05387
0.053878
0.054246
0.054368
0.053764
0.054168
0.05384
0.054236
0.053966
0.05446
0.053953
0.054395
0.054214
0.054155
0.061032
0.053787
0.053922
0.054309
