
0.122703
0.120467
0.121215
0.121797
0.120481
0.121431
0.123964
0.120319
0.121308
0.121057
0.122117
0.121008
0.12114
0.121559
0.12524
0.122512
0.121531
0.12117
0.121662
0.121709
0.121748
0.12056
0.123659
0.120524
0.120931
0.12059
0.12094
0.121965
0.120629
0.120983
0.125373
0.121386
0.121061
0.121029
0.121614
0.122384
0.122109
0.120978
0.121036
0.121826
0.12146
0.120854
0.121424
0.121427
0.121602
0.121839
0.121334
0.121209
0.121338
0.121798
0.121936
0.12146
0.121611
0.121486
0.126923
0.120678
0.121512
0.120983
0.121925
0.124252
0.121379
0.120297
0.122246
0.122163
0.122066
0.120698
0.121654
0.120986
0.120415
0.123143
0.122873
0.122348
0.121526
0.121718
0.120281
0.121063
0.121241
0.122065
0.135942
0.121942
0.120273
0.120442
0.121475
0.123124
0.121719
0.121678
0.121352
0.121546
0.121208
0.121901
0.120985
0.12168
0.121624
0.12242
0.121355
0.121196
0.12078
0.12085
0.120999
0.125209
