
2.08374
2.06724
2.05137
2.04116
2.06565
2.02186
2.07008
2.04499
2.0488
2.03046
2.07529
2.07268
2.03092
2.03922
2.04262
2.03494
2.22621
2.04089
2.04029
2.02683
2.04809
2.0436
2.04349
2.06573
2.05123
2.04272
2.04963
2.04681
2.05276
2.02432
2.07843
2.04897
2.03595
2.11317
2.02691
2.03168
2.04533
2.02588
2.03602
2.04185
2.0406
2.03382
2.08427
2.04614
2.04012
2.03569
2.03092
2.0579
2.04446
2.02534
2.04769
2.05591
2.06513
2.06835
2.04602
2.04036
2.03625
2.03499
2.03326
2.02817
2.03804
2.03579
2.02994
2.02168
2.04514
2.04332
2.0378
2.03931
2.0309
2.02209
2.04881
2.04017
2.03817
2.03994
2.22435
2.0658
2.03326
2.04092
2.03537
2.04427
2.01802
2.02611
2.05799
2.0547
2.06309
2.03999
2.02922
2.05321
2.12339
2.06286
2.34264
2.23772
2.0811
2.05073
2.05173
2.21405
2.06683
2.08312
2.34503
2.04836
