
5.72697
5.66631
5.66154
5.69318
5.70427
5.72554
5.72841
5.71147
5.69212
5.71887
5.68262
6.19466
5.80881
5.86181
5.72206
5.73972
5.72095
5.71824
5.77939
5.76729
5.69037
5.66346
5.69888
5.70861
6.40188
5.68642
5.7434
5.67418
5.67148
5.66729
5.63407
5.70616
5.67792
5.72513
5.85887
5.6526
5.63243
5.63349
5.66495
5.73415
5.76138
5.7843
5.98047
5.75932
5.71759
5.75162
5.95767
5.94555
5.70842
5.79697
5.68906
5.6475
5.66352
5.73053
5.68614
5.92765
5.6523
5.69177
5.72071
5.73004
5.74931
5.66759
5.70659
5.81845
5.99254
5.70188
5.7628
5.71169
5.68904
5.65768
5.72201
5.6691
5.78802
5.77705
5.65789
5.87564
5.70917
5.67856
5.71324
5.73674
5.7664
5.71586
5.7345
5.73641
5.68476
5.65885
5.74834
5.66399
5.68996
5.76423
5.88271
5.76129
5.69465
5.86897
5.79293
6.22843
6.2729
5.82396
5.87812
5.78409
