
0.215462
0.217903
0.214115
0.216154
0.216719
0.2205
0.21415
0.21523
0.21667
0.215452
0.216333
0.213698
0.216318
0.215887
0.21515
0.219687
0.214613
0.214165
0.214372
0.215396
0.215292
0.216455
0.214537
0.217106
0.218603
0.215516
0.214708
0.215387
0.222644
0.228709
0.241727
0.215835
0.225119
0.230979
0.220654
0.215007
0.237063
0.219015
0.225287
0.214477
0.214422
0.218184
0.215215
0.215746
0.215874
0.215129
0.217046
0.213918
0.214797
0.214745
0.216446
0.218242
0.216068
0.214359
0.215518
0.215353
0.216143
0.216661
0.215408
0.21496
0.216062
0.213937
0.216064
0.217746
0.217332
0.215624
0.215813
0.215245
0.215588
0.215066
0.21584
0.214612
0.214616
0.214349
0.2146
0.216678
0.2143
0.217253
0.22101
0.261349
0.236226
0.216736
0.218563
0.215815
0.21685
0.215744
0.21431
0.217311
0.215266
0.214653
0.216315
0.2169
0.21436
0.215386
0.216852
0.216271
0.217462
0.214452
0.215663
0.21484
