
5.10988
5.06764
5.07233
5.04029
5.06528
5.14475
5.05436
5.06654
5.04925
5.01855
5.05173
5.00185
5.11794
5.0666
5.0629
5.00957
5.14144
5.00249
5.07062
5.03936
5.16216
5.05087
5.2056
5.06801
5.07607
5.06973
5.06914
5.04571
5.14435
5.07978
4.9991
5.08338
5.18888
5.20808
5.32537
5.25218
5.27205
5.15247
5.15188
5.10872
5.16192
5.13815
5.12317
5.14986
5.12217
5.32679
5.14208
5.15449
5.15608
5.15126
5.12756
5.18773
5.18781
5.09963
5.15249
5.33783
5.13137
5.1089
5.1373
5.10799
5.18795
5.12346
5.1417
5.14512
5.1559
5.21357
5.14384
5.11277
5.32123
5.12605
5.18464
5.1547
5.15102
5.13947
5.21037
5.15993
5.14524
5.11775
5.26668
5.39225
5.3647
5.24264
5.15471
5.13782
5.11805
5.13942
5.11226
5.20975
5.11095
5.2148
5.13008
5.30176
5.20866
5.27387
5.14811
5.14625
5.1494
5.20064
5.1373
5.17181
