
4.65991
4.6499
4.6337
4.58089
4.72501
4.90512
4.78778
4.60806
4.63067
4.6549
4.57835
4.64871
4.65587
4.62708
6.35837
6.34949
5.18254
4.66461
4.62732
4.60811
5.38355
4.72055
5.47919
4.8027
4.67451
4.61799
4.63829
4.57986
4.69383
4.87994
9.86221
4.65027
5.74384
4.70893
4.66882
4.60331
4.63709
4.65148
4.62509
4.59156
4.63686
4.59224
4.61613
4.61895
4.61059
4.61594
4.62062
4.80633
4.64549
4.55286
4.62795
4.61381
4.67994
4.6483
4.63521
4.61911
4.57684
4.64098
4.58707
4.6167
4.58554
4.57399
4.57407
4.59681
4.59896
4.61564
4.57804
4.59868
4.58996
4.5884
4.59899
4.59584
4.60637
4.8462
4.59236
4.56013
4.65048
4.59904
4.70379
4.66102
4.67137
4.7458
4.60596
4.59643
4.59694
4.62875
4.61628
4.67839
4.66701
4.64501
4.72171
4.69353
4.57869
4.62475
4.62186
4.57708
4.92104
4.61997
4.67384
4.52398
