
2.86471
2.84553
2.97802
2.82392
2.98096
2.80386
2.80486
2.80642
2.85115
2.7812
2.78887
2.78069
2.7849
2.77474
2.76484
2.78882
2.90048
2.95553
3.75578
3.14008
2.97185
2.86383
2.82706
2.7776
2.75127
2.84804
2.785
2.79974
2.76442
2.87357
2.84439
3.10095
2.76333
2.76879
2.83835
2.7825
2.79067
2.77695
2.78986
2.79384
2.79895
2.77069
2.78742
2.80661
2.78347
2.75131
2.80518
2.80428
2.79239
2.82023
2.79312
2.98354
2.81162
2.7762
2.79734
2.82724
2.76154
2.78595
2.82416
2.78873
2.78509
2.81952
3.00591
2.78822
2.78055
2.77198
2.79268
2.78385
2.7926
2.79671
2.8023
2.78453
2.83931
2.79351
2.78243
2.85357
2.75951
2.85441
2.79096
2.76743
2.83288
2.79394
2.79221
2.78888
2.76731
2.78944
2.75089
2.81106
2.78086
2.82874
2.77887
2.78736
2.80394
2.79596
2.78056
2.779
2.79751
2.7848
2.78045
2.76086
