
3.23077
3.21438
3.17962
3.18438
3.37405
3.21223
3.2049
3.21421
3.17379
3.19392
3.19774
3.17535
3.14436
3.22093
3.15314
3.14372
3.14119
3.14482
3.14384
3.22856
3.19451
3.12857
3.1623
3.13308
3.13632
3.14019
3.12838
3.1156
3.14861
3.25627
3.25759
3.23498
3.25416
3.19618
3.22733
3.20017
3.18024
3.21751
3.22708
3.19134
3.21947
3.16573
3.37545
3.21014
3.21414
3.19677
3.20299
3.20337
3.18425
3.19849
3.19532
3.26045
3.18837
3.197
3.20846
3.16139
3.199
3.19231
3.18428
3.18971
3.21053
3.19601
3.19414
3.20769
3.18746
3.20869
3.20029
3.18891
3.20668
3.20664
3.18427
3.21173
3.19411
3.20518
3.20785
3.21304
3.21047
3.19474
3.31121
3.44241
3.21381
3.17108
3.20625
3.18742
3.21442
3.21936
3.19656
3.18292
3.16983
3.20335
3.22523
3.18142
3.22056
3.38817
3.21053
3.17143
3.21256
3.20618
3.2496
3.29811
