
0.916555
0.909873
0.90236
0.907425
0.914349
0.911904
0.899493
0.905493
0.900317
0.90439
0.914068
0.906736
0.903388
0.905527
0.906848
0.910281
0.90518
0.944179
0.904042
0.916759
0.908685
0.930359
0.906037
0.908561
0.910192
0.905893
0.913628
0.905763
0.905139
0.905912
0.909424
0.909462
0.907463
0.902488
0.959514
0.907613
0.912475
0.92076
0.903322
0.923482
0.907213
0.908406
0.917668
0.917036
0.908986
0.89994
0.909616
0.905074
0.912527
0.918171
0.902443
0.903866
0.899531
0.908356
0.900733
0.902876
0.913868
0.909684
0.913138
0.905691
0.911677
0.915458
0.906792
0.913864
0.916195
0.903493
0.89776
0.896998
0.917476
0.908549
0.925037
0.900324
0.91969
0.908064
0.926356
0.907704
0.914542
0.907688
0.898133
0.903233
0.913679
0.913511
0.895885
0.915341
0.906079
0.914136
1.12264
0.910285
0.906709
0.898732
0.928564
0.912338
0.916916
0.915369
0.903921
0.917536
0.902295
0.917076
0.907787
0.903326
