
1.41149
1.40073
1.38488
1.38807
1.43064
1.41897
1.4307
1.42524
1.42586
1.46751
1.41453
1.41104
1.40976
1.43239
1.50772
1.47274
1.41001
1.41416
1.41507
1.41393
1.42521
1.41334
1.41324
1.41379
1.42183
1.41164
1.46532
1.4463
1.42056
1.41323
1.39889
1.41324
1.41946
1.41753
1.45724
1.42285
1.43702
1.42573
1.41572
1.41967
1.57908
1.42414
1.41398
1.42395
1.43084
1.41086
1.42317
1.43124
1.42367
1.40707
1.43457
1.40922
1.4299
1.40594
1.41943
1.41049
1.40394
1.42677
1.42171
1.43144
1.41234
1.43309
1.42718
1.4138
1.42328
1.41926
1.4177
1.41461
1.429
1.42687
1.4057
1.41877
1.41154
1.42537
1.41424
1.42287
1.41865
1.41701
1.61095
1.43085
1.43261
1.41945
1.40526
1.43497
1.41863
1.41608
1.41216
1.4082
1.58547
1.43535
1.41603
1.42524
1.43771
1.41725
1.42704
1.42089
1.425
1.42809
1.48315
1.41803
