
0.537504
0.506396
0.505952
0.508777
0.514199
0.502811
0.496631
0.507049
0.507772
0.501357
0.499622
0.499436
0.510226
0.528611
0.506255
0.510073
0.511643
0.505781
0.502959
0.501531
0.499343
0.504462
0.513879
0.511001
0.53038
0.500015
0.507153
0.505406
0.512094
0.49414
0.505127
0.506447
0.515394
0.511216
0.506715
0.494693
0.509177
0.504611
0.507082
0.558456
0.521016
0.517662
0.511935
0.516102
0.512661
0.507571
0.501844
0.497675
0.518284
0.512693
0.509404
0.528046
0.510632
0.523389
0.513945
0.522681
0.506767
0.522811
0.516857
0.51186
0.51098
0.517132
0.50788
0.510076
0.505726
0.502427
0.507835
0.507664
0.506261
0.512996
0.52022
0.512026
0.510683
0.518923
0.527543
0.521172
0.51187
0.504942
0.512286
0.514626
0.513478
0.508898
0.510169
0.503848
0.506263
0.507789
0.510815
0.51059
0.50613
0.50951
0.51091
0.507661
0.503944
0.50562
0.512366
0.509181
0.515502
0.506439
0.51008
0.511251
