
3.77136
3.6785
3.69254
3.65343
3.63023
3.63822
3.66423
3.64872
3.63257
3.65211
3.60603
3.99681
3.64569
3.77389
3.8712
3.64765
3.6408
3.64083
3.6738
3.67392
3.651
3.63242
3.65685
3.60405
3.54466
3.58555
3.59731
3.54203
3.57932
3.5726
3.59382
3.58955
3.5945
3.57593
3.58628
3.60561
3.55499
3.57573
3.60518
3.56694
3.60012
3.57846
3.60158
3.5779
3.57477
3.56342
3.60934
3.79251
3.59739
3.56858
3.57132
3.59786
3.60888
3.58876
3.55769
3.68402
3.60378
3.56667
3.59063
3.58985
3.55268
3.54826
3.578
3.57769
3.55651
3.60811
3.66053
3.64827
3.63019
3.61522
3.617
3.62789
3.62989
3.61531
3.64687
3.63719
3.60887
3.63699
3.62136
3.63284
3.87444
3.62961
3.62839
3.65239
3.66518
3.62127
3.64431
3.64125
3.74226
3.64138
3.61765
3.645
3.64784
3.79635
3.62211
3.64932
3.64541
3.66397
3.61497
3.62562
