
0.702969
0.692923
0.690568
0.695196
0.693682
0.699343
0.696426
0.700613
0.713079
0.68981
0.693604
0.691078
0.691739
0.692583
0.710129
0.690983
0.686146
0.692878
0.69808
0.688104
0.695544
0.694956
0.682993
0.697464
0.70979
0.695685
0.691506
0.694974
0.697026
0.690507
0.690116
0.69738
0.693576
0.692567
0.69142
0.70202
0.693385
0.690983
0.6914
0.69267
0.695358
0.761823
0.836554
0.691756
0.698443
0.696445
0.695037
0.69501
0.693521
0.694901
0.689559
0.696523
0.696221
0.698939
0.693563
0.693523
0.695199
0.699564
0.699108
0.690594
0.692275
0.69004
0.695065
0.707032
0.697821
0.695027
0.695584
0.691777
0.697376
0.699916
0.69757
0.687104
0.699536
0.69416
0.696744
0.686932
0.690102
0.691624
0.696249
0.692645
0.68403
0.694422
0.729159
0.703532
0.695751
0.697611
0.694494
0.688243
0.690415
0.710227
0.69531
0.690706
0.698942
0.696703
0.687881
0.689657
0.695484
0.686055
0.694067
0.695509
