
2.44143
2.40925
2.42565
2.39108
2.39668
2.37307
2.39222
2.41352
2.40169
2.4135
2.41706
2.38521
2.39873
2.39151
2.39091
2.39018
2.3841
2.40622
2.3923
2.36978
2.38497
2.38939
2.42442
2.38827
2.39697
2.40505
2.37787
2.58024
2.38219
2.39256
2.5227
2.61106
2.40099
2.43917
2.41478
2.42836
2.42329
2.39946
2.41816
2.48719
2.40541
2.4068
2.40056
2.39479
2.40773
2.46154
2.38675
2.38854
2.60303
2.85012
2.87286
2.52527
2.46962
2.57732
2.44164
2.48315
2.45332
2.46467
2.44292
2.47579
2.45141
2.46384
2.46289
2.7378
2.41723
2.44698
2.44693
2.48533
2.42496
2.46541
2.4075
2.44206
2.57687
2.44606
2.42236
2.6523
2.43293
2.55783
2.42445
2.41979
2.39922
2.44469
2.40058
2.37933
2.39975
2.40591
2.41907
2.45827
2.39027
2.46804
2.43866
2.42911
2.51201
2.53155
2.84607
2.93709
2.60239
2.68095
2.46156
2.47507
