
4.18497
4.14077
4.13455
4.12721
4.22166
4.08512
4.15966
4.11088
4.10679
4.06955
4.08206
4.30639
4.07401
4.09868
4.13535
4.09513
4.12414
4.08594
4.16767
4.07894
4.07067
4.078
4.10197
4.10396
4.11065
4.12036
4.12001
4.08075
4.10416
4.10383
4.11449
4.12912
4.09014
4.09477
4.11423
4.09962
4.12249
4.12236
4.14376
4.09872
4.31597
4.12016
4.11669
4.1005
4.13862
4.04661
4.08075
4.18552
4.12062
4.13008
4.09379
4.14644
4.24509
4.10646
4.08448
4.10971
4.1132
4.12897
4.11985
4.11656
4.1115
4.13442
4.08919
4.13435
4.09088
4.10469
4.30483
4.09879
4.14171
4.29171
4.13955
4.09033
4.09685
4.13688
4.1963
4.12038
4.20575
4.08651
4.12199
4.10506
4.10346
4.11049
4.09003
4.13321
4.09744
4.09546
4.10722
4.09195
4.1028
4.11789
4.15791
4.14484
4.08395
4.08512
4.12783
4.14441
4.13377
4.20934
4.33345
4.08623
