
0.340308
0.338659
0.336068
0.341778
0.33955
0.338588
0.341859
0.33781
0.336513
0.33829
0.407808
0.339111
0.339302
0.33881
0.338315
0.336367
0.336075
0.34099
0.339696
0.337287
0.339341
0.334445
0.335477
0.342672
0.335272
0.335322
0.339533
0.338346
0.338381
0.336851
0.335351
0.335773
0.336328
0.336823
0.33922
0.338803
0.338888
0.337668
0.341778
0.337694
0.337962
0.354422
0.337656
0.337615
0.337768
0.33817
0.334661
0.335665
0.339612
0.339212
0.334394
0.337329
0.343988
0.33681
0.335399
0.348503
0.336604
0.33631
0.340354
0.336822
0.337056
0.338228
0.334976
0.337168
0.339481
0.337198
0.337859
0.339702
0.336263
0.334734
0.396149
0.337451
0.337616
0.337411
0.334423
0.338492
0.339272
0.336924
0.3388
0.337709
0.339214
0.3402
0.337958
0.338925
0.339894
0.335354
0.338116
0.339601
0.342688
0.337498
0.337842
0.336064
0.335824
0.335173
0.353804
0.352348
0.353549
0.355494
0.350791
0.356953
