
1.76097
1.73547
1.71737
1.70725
1.72046
1.7266
1.70644
1.74101
1.73263
1.70355
1.71422
1.71601
1.74965
1.71893
1.7189
1.71691
1.72181
1.70489
1.71576
1.72313
1.70837
1.71059
1.73553
1.71184
1.72774
1.7264
1.75203
1.72832
1.73053
1.70908
1.73512
1.72579
1.71727
1.7266
1.74489
1.72957
1.74087
1.72029
1.72798
1.73983
1.79289
1.72756
1.73964
1.75961
2.00459
1.80385
1.74193
1.74086
1.89567
1.72308
1.90881
1.71701
1.73433
1.74371
1.73171
1.75316
1.73695
1.71861
1.92676
1.73294
1.72273
1.73472
1.72883
1.72225
1.73218
1.71822
1.76531
1.72887
1.71342
1.74147
1.71567
1.70552
1.71882
1.71077
1.71152
1.71658
1.72526
1.70793
1.71145
1.71382
1.71942
1.70355
1.71479
1.71038
1.71903
1.71851
1.69709
1.85998
1.7169
1.71301
1.72317
1.7111
1.73581
1.74194
1.7217
1.70617
1.71914
1.70901
1.71737
1.7087
