
0.133112
0.138393
0.133954
0.127867
0.169586
0.117862
0.120789
0.137238
0.153934
0.130061
0.139008
0.13177
0.149098
0.115857
0.125283
0.130145
0.122336
0.126061
0.117587
0.14301
0.112688
0.117033
0.131933
0.144426
0.147367
0.132219
0.142857
0.157787
0.142655
0.154832
0.151841
0.132345
0.131671
0.153591
0.115691
0.160919
0.123061
0.123703
0.135142
0.123861
0.122272
0.124723
0.139157
0.132761
0.124808
0.136252
0.135577
0.142136
0.155247
0.160284
0.139065
0.119714
0.163633
0.15681
0.122829
0.130775
0.143208
0.119076
0.125102
0.157145
0.139476
0.114401
0.134087
0.167447
0.163155
0.162489
0.134005
0.130546
0.156099
0.119809
0.142406
0.125895
0.139252
0.149545
0.158972
0.124253
0.153721
0.083684
0.097166
0.101352
0.106204
0.147701
0.115705
0.166737
0.115543
0.14088
0.121184
0.121736
0.075308
0.068074
0.060926
0.063614
0.072571
0.07632
0.067382
0.060394
0.057186
0.056341
0.054285
0.054494
