
5.78506
5.57941
5.5312
5.56798
5.54189
5.55306
5.51954
5.57162
5.52436
5.56275
5.54752
5.47837
5.59494
5.52588
5.56773
5.60916
5.58055
5.55626
5.49929
5.63997
5.50018
5.55973
5.52298
5.57215
5.59228
5.54929
5.5467
5.52362
5.79075
5.58809
5.49644
5.53487
5.54911
5.61132
5.56239
5.51437
5.54365
5.48652
5.56199
5.63615
5.60759
5.57325
5.52389
5.57021
5.53232
5.52507
5.44549
5.42981
5.47263
5.42729
8.80147
5.47124
5.47978
5.61346
5.46868
5.48421
5.4258
5.48588
5.40823
5.42192
5.37693
5.48398
5.4666
5.48702
5.40527
5.49143
5.44306
5.42539
5.4428
5.3892
5.49674
5.38479
5.41587
5.38468
5.45825
5.44469
5.44341
5.39245
5.43398
5.4237
5.47817
5.36587
5.62333
5.42933
5.50768
5.48521
5.44503
5.47048
5.5215
5.49334
5.40788
5.40679
5.41141
5.63368
5.41617
5.41753
5.36162
5.37732
11.8363
5.51417
