
0.358276
0.361685
0.356047
0.373332
0.349392
0.355222
0.352082
0.356257
0.361603
0.364857
0.356718
0.348217
0.361588
0.351798
0.35373
0.349009
0.351312
0.352994
0.347897
0.420438
0.347607
0.351601
0.346277
0.350051
0.360521
0.356693
0.355732
0.35372
0.381876
0.346453
0.356527
0.352133
0.347193
0.36379
0.346895
0.349718
0.343821
0.373231
0.424281
0.388815
0.374785
0.375881
0.371517
0.389642
0.377891
0.379196
0.371335
0.356417
0.350452
0.355784
0.347006
0.350933
0.364772
0.356634
0.357362
0.362743
0.35761
0.353402
0.363202
0.355423
0.351619
0.355771
0.36525
0.349136
0.356662
0.365845
0.354324
0.361601
0.357517
0.348162
0.357134
0.345913
0.343274
0.348422
0.354795
0.353307
0.350853
0.367722
0.360297
0.408403
0.350984
0.355904
0.353879
0.350967
0.361856
0.347229
0.348679
0.352977
0.347528
0.353094
0.350188
0.349731
0.364156
0.360526
0.345528
0.357168
0.34883
0.361712
0.360287
0.348243
