
1.3868
1.4077
1.37819
1.39674
1.3763
1.39333
1.37541
1.37792
1.41148
1.4025
1.39535
1.39463
1.38566
1.38808
1.38655
1.39121
1.40134
1.37611
1.39462
1.39611
1.39907
1.3891
1.40318
1.38264
1.36725
1.37485
1.37946
1.41633
1.39072
1.44986
1.39355
1.4125
1.3926
1.39054
1.41605
1.40272
1.38412
1.3979
1.40541
1.37823
1.59122
1.5263
1.41237
1.51139
1.41654
1.41151
1.39285
1.50204
1.57837
1.38964
1.584
1.39323
1.41243
1.4425
1.41685
1.39041
1.3715
1.5625
1.39554
1.38596
1.40129
1.65856
1.39574
1.97058
1.86344
1.68054
1.9964
1.96359
1.43937
1.59664
1.95313
1.45324
1.41576
1.52826
1.99853
1.93267
3.14204
1.88361
1.38861
1.39122
1.40078
1.38581
1.38235
1.38875
1.38376
1.37757
1.40708
1.37908
1.39061
1.40501
1.44294
1.41454
1.43458
1.38369
1.36814
1.38869
1.38947
1.3894
1.42338
1.37606
