
3.05302
3.08485
3.03112
3.04993
3.09387
3.07002
3.02097
3.04922
3.30885
3.2416
3.18751
3.45008
3.4114
3.22317
3.27081
3.1047
3.38722
3.16466
3.37048
3.37993
3.51634
3.76828
3.242
3.19175
3.13584
3.1385
3.14757
3.1519
3.15641
3.1444
3.1948
3.14893
3.12206
3.11473
3.12542
3.16334
3.10595
3.16267
3.14117
3.13012
3.39285
3.18644
3.08437
3.22935
3.19344
3.16708
3.15862
3.12361
3.20336
3.12384
3.18442
3.23061
3.18983
3.14235
3.19401
3.16383
3.18638
3.13547
3.45145
3.19511
3.16399
3.14622
3.13946
3.12814
3.11532
3.27679
3.17335
3.11392
3.11117
3.12189
3.11003
3.17067
3.14977
3.1464
3.13114
3.12532
3.17575
3.16311
3.11304
3.10314
3.1472
3.16775
3.14943
3.18014
3.15127
3.15069
3.11973
3.13576
3.16207
3.17597
3.29133
3.15496
3.16505
3.1466
3.15505
3.17347
3.31393
3.30673
3.36163
3.60755
