
3.48531
3.20052
3.22847
3.18419
3.20468
3.21105
3.21007
3.19517
3.12988
3.17063
3.1855
3.16635
3.21476
3.1913
3.16276
3.16725
3.23003
3.12648
3.18754
3.17238
3.1899
3.1543
3.20186
3.14311
3.19765
3.1905
3.18325
3.14901
3.08205
3.16376
3.18173
3.22048
3.17224
3.16411
3.13271
3.39591
3.41763
3.42397
3.20352
3.22469
3.14791
3.12674
3.14295
3.16355
3.20086
3.16745
3.17066
3.17848
3.41994
3.21652
3.14513
3.12895
3.1724
3.18396
3.23788
3.17508
3.17397
3.1537
3.1551
3.15449
3.18019
3.15281
3.21552
3.18191
3.14566
3.14649
3.19127
3.14273
3.15967
3.19215
3.152
3.15514
3.16398
3.14574
3.13776
3.14297
3.09221
3.18822
3.17476
3.17969
3.13249
3.08652
3.18402
3.15157
3.2431
3.26952
3.35621
3.6657
3.42324
3.17968
3.17691
3.15785
3.14429
3.1569
3.11539
3.18276
3.24001
3.13445
3.13549
3.28024
