
1.40434
1.36561
1.3909
1.51641
1.38018
1.38394
1.39087
1.37588
1.43638
1.39462
1.41038
1.36796
1.39027
1.39562
1.39071
1.38559
1.37552
1.37171
1.3853
1.37769
1.38362
1.4025
1.40823
1.40854
1.3774
1.51339
1.38733
1.37825
1.38359
1.38641
1.40145
1.37422
1.39313
1.37794
1.37749
1.39875
1.36901
1.38323
1.38782
1.37032
1.37759
1.38013
1.37822
1.38121
1.37472
1.40627
1.36481
1.40393
1.37328
1.37014
1.38468
1.37783
1.40453
1.43918
1.37651
1.37708
1.37292
1.38604
1.38656
1.36665
1.39562
1.37834
1.37193
1.38521
1.39306
1.40977
1.37844
1.40525
1.41084
1.37556
1.40292
1.37415
1.402
1.40392
1.37294
1.39432
1.39181
1.3734
1.37213
1.37841
1.39603
1.37144
1.36806
1.41527
1.38833
1.37164
1.96183
3.13812
2.74623
1.44465
1.38684
1.4168
1.41663
1.3925
1.41322
1.39895
1.41562
1.36563
1.37721
1.38797
