
5.42773
5.36804
5.71261
8.19016
6.09174
5.56765
5.55212
5.70897
5.41721
5.37892
5.46575
5.40273
5.67173
5.48898
5.37394
5.45049
5.38879
6.11848
5.66523
6.06253
5.90972
6.79959
5.8546
7.28952
5.62228
5.62086
5.70369
5.82403
5.57287
5.55609
5.79176
5.59534
5.72266
5.56707
5.8923
5.6008
5.85939
5.6444
6.19466
5.73084
5.82162
5.68431
5.7305
5.697
5.99592
5.78368
5.99602
5.75431
5.93272
5.77978
5.77208
5.87272
7.27493
10.4862
9.90947
5.67156
5.85446
5.85226
5.73156
5.77983
5.67985
6.88579
6.19614
5.68056
5.74928
5.64577
5.85024
5.66562
5.63133
5.62065
5.66828
5.69789
5.69107
5.67531
5.57622
5.55509
5.51526
5.56404
5.76647
5.66179
5.65723
5.53519
5.52914
5.57331
5.66662
5.60979
5.57522
5.49615
5.57472
5.49984
5.53927
5.57729
5.50833
5.58747
5.54754
5.54031
5.52812
5.54898
5.54287
5.6147
