
0.346949
0.347401
0.356728
0.354232
0.354955
0.354993
0.363424
0.393153
0.393856
0.365569
0.35883
0.352046
0.364385
0.359657
0.358581
0.355508
0.348784
0.357264
0.349718
0.352324
0.346871
0.363094
0.348218
0.36339
0.35203
0.348382
0.350695
0.346507
0.347122
0.344506
0.354455
0.351875
0.348424
0.348726
0.35527
0.348256
0.346753
0.360999
0.346464
0.355656
0.357321
0.351746
0.345228
0.348346
0.347719
0.347601
0.343771
0.343862
0.356984
0.353988
0.351962
0.355584
0.350687
0.349249
0.353388
0.352624
0.352855
0.372001
0.349169
0.350175
0.348445
0.353362
0.353906
0.353232
0.355269
0.358382
0.346421
0.343651
0.3509
0.355033
0.352834
0.35524
0.341142
0.357622
0.350875
0.34904
0.358037
0.349635
0.353648
0.354386
0.343028
0.357838
0.365056
0.382594
0.351413
0.351733
0.350775
0.349272
0.349867
0.351361
0.349472
0.362566
0.354779
0.362995
0.351166
0.34313
0.345082
0.347128
0.356587
0.349424
