0.054948
0.054604
0.056485
0.055705
0.05607
0.061607
0.058106
0.056912
0.057049
0.056052
0.055578
0.055487
0.05545
0.05502
0.055359
0.055118
0.055222
0.056085
0.055351
0.054556
0.055423
0.05645
0.064253
0.058966
0.057154
0.056717
0.056582
0.056109
0.055705
0.055023
0.055582
0.055063
0.055072
0.066496
0.0683
0.068143
0.070889
0.068208
0.081835
0.071238
0.069848
0.06839
0.069164
0.067855
0.066801
0.067983
0.07289
0.069975
0.05989
0.056414
0.057296
0.05525
0.057273
0.05682
0.056587
0.056616
0.05547
0.055374
0.055835
0.055877
0.05484
0.055155
0.054995
0.055191
0.056203
0.054834
0.055495
0.054496
0.055106
0.059077
0.056979
0.055862
0.054399
0.054836
0.055121
0.054446
0.054106
0.05455
0.055083
0.054495
0.055185
0.05521
0.054883
0.054288
0.054598
0.055556
0.055195
0.059461
0.056592
0.055328
0.055577
0.054468
0.054839
0.055093
0.055021
0.054497
0.056196
0.05899
0.056876
0.056605
